0
0
0
0
0
0
0
0
0
0
0
0
0
0
0
0
0
0
0
0
0
0
0
0
0
0
0
5.56
5.56
5.56
5.56
11.11
11.11
11.11
11.11
13.89
13.89
13.89
13.89
13.89
13.89
13.89
13.89
13.89
13.89
13.89
13.89
13.89
13.89
13.89
13.89
13.89
13.89
13.89
13.89
13.89
13.89
13.89
13.89
13.89
13.89
13.89
13.89
13.89
13.89
13.89
13.89
13.89
13.89
13.89
22.22
22.22
22.22
31.48
37.04
39.81
41.67
41.67
44.44
50
66.67
75
77.78
96.3
96.3
96.3
96.3
96.3
96.3
96.3
96.3
96.3
96.3
96.3
96.3
96.3
96.3
96.3
96.3
96.3
96.3
96.3
96.3
96.3
96.3
96.3
96.3
96.3
96.3
96.3
96.3
96.3
96.3
96.3
96.3
96.3
96.3
96.3
89.81
89.81
89.81
89.81
89.81
89.81
89.81
89.81
89.81
89.81
89.81
89.81
89.81
89.81
70.37
70.37
70.37
70.37
70.37
70.37
70.37
70.37
70.37
70.37
70.37
70.37
70.37
70.37
62.04
53.7
53.7
50.93
50.93
50.93
50.93
50.93
50.93
50.93
50.93
36.11
36.11
36.11
36.11
36.11
36.11
36.11
32.41
32.41
32.41
32.41
32.41
32.41
32.41
32.41
32.41
32.41
32.41
32.41
32.41
32.41
32.41
32.41
32.41
32.41
32.41
32.41
32.41
32.41
32.41
32.41
32.41
32.41
32.41
32.41
32.41
29.63
29.63
29.63
29.63
26.85
26.85
26.85
26.85
26.85
26.85
24.07
24.07
24.07
24.07
24.07
24.07
24.07
24.07
24.07
24.07
24.07
24.07
24.07
24.07
24.07
31.48
31.48
31.48
31.48
31.48
31.48
31.48
31.48
31.48
31.48
31.48
31.48
31.48
31.48
31.48
31.48
31.48
31.48
31.48
31.48
31.48
31.48
31.48
31.48
31.48
31.48
31.48
31.48
31.48
31.48
31.48
31.48
31.48
28.7
28.7
28.7
28.7
28.7
28.7
28.7
28.7
28.7
28.7
28.7
28.7
28.7
28.7
28.7
28.7
28.7
28.7
28.7
28.7
28.7
28.7
28.7
28.7
28.7
28.7
28.7
28.7
28.7
28.7
28.7
28.7
28.7
28.7
28.7
28.7
28.7
28.7
28.7
28.7
28.7
28.7
28.7
28.7
28.7
28.7
28.7
28.7
28.7
31.48
31.48
31.48
31.48
31.48
31.48
31.48
31.48
31.48
31.48
31.48
31.48
31.48
31.48
31.48
31.48
31.48
31.48
31.48
31.48
31.48
34.26
34.26
34.26
34.26
34.26
41.67
41.67
41.67
41.67
41.67
41.67
41.67
44.44
