0
0
0
0
0
0
0
0
0
0
0
0
0
0
0
0
0
0
0
0
0
0
0
0
0
0
0
5.56
5.56
5.56
5.56
11.11
11.11
11.11
11.11
13.89
13.89
13.89
13.89
13.89
13.89
13.89
13.89
13.89
13.89
13.89
13.89
13.89
13.89
13.89
13.89
13.89
13.89
13.89
13.89
13.89
13.89
13.89
13.89
13.89
13.89
13.89
13.89
13.89
13.89
13.89
13.89
13.89
13.89
13.89
22.22
22.22
22.22
31.48
37.04
39.81
41.67
41.67
44.44
50
66.67
75
77.78
96.3
96.3
96.3
96.3
96.3
96.3
96.3
96.3
96.3
96.3
96.3
96.3
96.3
96.3
96.3
96.3
96.3
96.3
96.3
96.3
96.3
96.3
96.3
96.3
96.3
96.3
96.3
96.3
96.3
96.3
96.3
96.3
96.3
96.3
96.3
89.81
89.81
89.81
89.81
89.81
89.81
89.81
89.81
89.81
89.81
89.81
89.81
89.81
89.81
70.37
70.37
70.37
70.37
70.37
70.37
70.37
70.37
70.37
70.37
70.37
70.37
70.37
70.37
62.04
53.7
53.7
50.93
50.93
50.93
50.93
50.93
50.93
50.93
50.93
50.93
50.93
50.93
50.93
50.93
50.93
50.93
54.63
54.63
54.63
54.63
54.63
54.63
54.63
54.63
54.63
54.63
54.63
54.63
54.63
54.63
54.63
54.63
54.63
54.63
54.63
54.63
54.63
54.63
54.63
54.63
54.63
54.63
54.63
49.07
49.07
49.07
49.07
49.07
49.07
46.3
46.3
46.3
46.3
46.3
46.3
35.19
35.19
35.19
35.19
35.19
35.19
35.19
35.19
35.19
35.19
35.19
35.19
35.19
35.19
35.19
35.19
35.19
35.19
35.19
35.19
35.19
35.19
35.19
35.19
35.19
35.19
35.19
35.19
35.19
35.19
35.19
35.19
35.19
35.19
35.19
35.19
35.19
35.19
35.19
35.19
35.19
35.19
35.19
35.19
35.19
35.19
35.19
35.19
28.7
28.7
28.7
28.7
28.7
28.7
28.7
28.7
28.7
28.7
28.7
28.7
28.7
28.7
28.7
28.7
28.7
28.7
28.7
28.7
28.7
28.7
28.7
28.7
28.7
28.7
28.7
28.7
28.7
28.7
28.7
28.7
28.7
28.7
28.7
28.7
28.7
28.7
28.7
28.7
28.7
28.7
28.7
28.7
28.7
28.7
28.7
28.7
28.7
31.48
31.48
31.48
31.48
31.48
31.48
31.48
31.48
31.48
31.48
31.48
31.48
31.48
31.48
31.48
31.48
31.48
31.48
31.48
31.48
31.48
31.48
31.48
31.48
31.48
31.48
38.89
38.89
38.89
38.89
38.89
38.89
38.89
41.67
41.67
41.67
47.22
47.22
47.22
47.22
47.22
47.22
47.22
47.22
47.22
47.22
47.22
47.22
47.22
50.93
50.93
50.93
50.93
50.93
50.93
50.93
50.93
50.93
50.93
50.93
50.93
50.93
50.93
50.93
50.93
50.93
50.93
50.93
50.93
50.93
50.93
50.93
50.93
50.93
50.93
50.93
50.93
50.93
50.93
50.93
50.93
50.93
50.93
50.93
47.22
47.22
47.22
47.22
47.22
47.22
47.22
47.22
47.22
47.22
47.22
47.22
47.22
47.22
47.22
47.22
47.22
47.22
47.22
47.22
47.22
47.22
47.22
47.22
47.22
47.22
47.22
47.22
47.22
47.22
47.22
47.22
47.22
47.22
47.22
47.22
47.22
47.22
47.22
47.22
47.22
47.22
43.52
43.52
43.52
43.52
43.52
43.52
43.52
43.52
43.52
43.52
43.52
43.52
43.52
43.52
43.52
43.52
43.52
43.52
43.52
43.52
43.52
43.52
43.52
43.52
43.52
43.52
43.52
43.52
43.52
43.52
43.52
43.52
43.52
43.52
43.52
43.52
52.78
52.78
52.78
52.78
52.78
52.78
52.78
52.78
52.78
52.78
52.78
52.78
52.78
52.78
